common.android=453218721
analytics.iphone=172702511
analytics.ipad=3882346749
analytics.android=2541125865
jsonstore.android=790094678
jsonstore.windowsphone8=141711107
fipshttp.iphone=3270766205
fipshttp.ipad=432790508
fipshttp.android=3543394195
base.ipad=516161446
base.iphone=516161446
base.android=2378122902
base.windowsphone8=3030621523
eclipse.preferences.version=1
wl_compatible_version=
wl_version=6.2.0.01.20141120-1827
eclipse.preferences.version=1
wl_compatible_version=6.2.0.0
wl_version=6.2.0.01.20141120-1827
